Date;Time;Timestamp;PM2_5(ug/m3);AQI(US);AQI(CN);PM10(ug/m3);PM1(ug/m3);Outdoor AQI(US);Outdoor AQI(CN);Temperature(C);Temperature(F);Humidity(%RH);CO2(ppm)
2021/11/01;00:06:36;1635725196;124.0;186;164;318.0;118.7;182;150;27.8;82.1;60;485;
2021/11/01;00:21:36;1635726096;112.4;180;147;253.0;107.0;178;140;27.8;82.0;60;476;
2021/11/01;00:36:36;1635726996;107.0;178;140;225.0;101.6;178;140;27.9;82.2;62;575;
2021/11/01;00:51:36;1635727896;118.7;184;156;311.0;113.3;178;140;27.7;81.9;62;501;
2021/11/01;01:06:36;1635728796;126.7;188;167;324.0;121.3;178;140;27.6;81.7;60;466;
2021/11/01;01:21:36;1635729696;119.6;184;157;324.0;114.2;178;141;27.5;81.6;60;467;
2021/11/01;01:36:36;1635730596;120.4;185;159;279.0;114.2;178;141;27.6;81.6;62;493;
2021/11/01;01:51:36;1635731496;92.7;170;123;177.0;89.1;178;141;28.0;82.4;62;568;
2021/11/01;02:06:36;1635732396;81.0;164;108;150.0;78.3;178;141;28.3;82.9;62;645;
2021/11/01;02:21:36;1635733296;75.6;161;102;92.0;72.0;186;163;28.4;83.1;62;699;
2021/11/01;02:36:36;1635734196;81.0;164;108;148.0;78.3;186;163;28.5;83.3;63;733;
2021/11/01;02:51:36;1635735096;74.7;161;100;141.0;72.9;186;163;28.5;83.4;63;773;
2021/11/01;03:06:36;1635735996;111.5;180;146;212.0;110.6;186;163;28.6;83.5;64;792;
2021/11/01;03:21:36;1635736896;95.3;172;126;189.0;94.4;189;170;28.6;83.5;64;804;
2021/11/01;03:36:36;1635737796;83.7;166;112;156.0;81.9;189;170;28.6;83.6;64;814;
2021/11/01;03:51:36;1635738696;77.4;162;104;156.0;76.5;189;170;28.7;83.6;64;822;
2021/11/01;04:06:36;1635739596;79.2;163;106;131.0;78.3;189;170;28.7;83.6;64;827;
2021/11/01;04:21:36;1635740496;127.6;188;169;250.0;124.0;177;138;28.1;82.5;60;532;
2021/11/01;04:36:32;1635741392;132.1;191;175;335.0;125.8;177;138;27.7;81.8;59;473;
2021/11/01;04:51:32;1635742292;146.4;198;195;343.0;138.4;177;138;27.3;81.1;60;469;
2021/11/01;05:06:32;1635743192;139.3;194;185;277.0;130.3;177;138;27.2;80.9;60;474;
2021/11/01;05:21:32;1635744092;140.2;195;186;309.0;131.2;184;156;27.2;81.0;62;480;
2021/11/01;05:36:32;1635744992;159.0;209;210;339.0;150.0;184;156;27.2;81.0;62;498;
2021/11/01;05:51:32;1635745892;163.5;214;214;369.0;152.7;184;156;27.1;80.8;63;503;
2021/11/01;06:06:32;1635746792;162.6;213;213;383.0;150.9;184;156;27.0;80.5;64;506;
2021/11/01;06:21:32;1635747692;142.0;196;189;315.0;132.1;184;156;27.2;80.9;64;572;
2021/11/01;06:36:32;1635748592;151.8;202;203;345.0;141.1;184;156;27.1;80.7;65;611;
2021/11/01;06:51:32;1635749492;173.3;224;224;360.0;161.7;184;156;27.0;80.6;66;627;
2021/11/01;07:06:32;1635750392;175.1;225;226;407.0;163.5;184;156;27.2;81.0;68;689;
2021/11/01;07:21:32;1635751292;188.6;239;239;454.0;177.8;184;156;27.4;81.3;67;667;
2021/11/01;07:36:32;1635752192;1439.3;1120;1120;2000.0;1398.9;184;156;27.4;81.4;67;658;
2021/11/01;07:51:32;1635753092;313.2;363;364;566.0;296.2;184;156;27.6;81.6;66;586;
2021/11/01;08:06:32;1635753992;214.6;265;265;459.0;202.9;0;0;27.5;81.6;63;545;
2021/11/01;08:21:32;1635754892;103.4;176;136;183.0;98.0;0;0;27.4;81.4;57;492;
2021/11/01;08:36:32;1635755792;89.1;168;118;169.0;83.7;0;0;27.5;81.5;57;497;
2021/11/01;08:51:32;1635756692;79.2;163;106;162.0;74.7;0;0;27.7;81.8;57;491;
2021/11/01;09:06:32;1635757592;76.5;162;103;127.0;71.1;0;0;27.8;82.0;56;453;
2021/11/01;09:21:32;1635758492;77.4;162;104;129.0;72.9;197;193;27.9;82.2;57;467;
2021/11/01;09:36:32;1635759392;82.8;165;111;150.0;78.3;197;193;28.0;82.4;58;468;
2021/11/01;09:51:32;1635760292;95.3;172;126;151.0;90.0;197;193;28.1;82.5;58;480;
2021/11/01;10:06:32;1635761192;86.4;167;115;147.0;81.9;197;193;28.1;82.6;58;464;
2021/11/01;10:21:32;1635762092;73.8;160;99;114.0;72.9;171;125;28.4;83.1;58;524;
2021/11/01;10:36:32;1635762992;87.3;167;116;214.0;87.3;171;125;28.6;83.5;58;572;
2021/11/01;10:51:32;1635763892;76.5;162;103;138.0;75.6;171;125;28.8;83.8;57;497;
2021/11/01;11:06:32;1635764792;74.7;161;100;147.0;74.7;171;125;29.0;84.1;54;415;
2021/11/01;11:21:32;1635765692;72.9;160;97;130.0;72.9;163;105;29.1;84.4;51;406;
2021/11/01;11:36:32;1635766592;78.3;163;105;130.0;77.4;163;105;29.2;84.5;53;426;
2021/11/01;11:51:32;1635767492;87.3;167;116;155.0;87.3;163;105;29.3;84.8;54;424;
2021/11/01;12:06:32;1635768392;88.2;168;117;148.0;88.2;163;105;29.5;85.1;53;417;
2021/11/01;12:21:32;1635769292;87.3;167;116;167.0;87.3;163;104;29.6;85.3;53;419;
2021/11/01;12:36:32;1635770192;99.8;174;131;187.0;99.8;163;104;29.8;85.6;53;411;
2021/11/01;12:51:32;1635771092;96.2;172;127;199.0;96.2;163;104;29.8;85.7;53;433;
2021/11/01;13:06:32;1635771992;101.6;175;134;227.0;101.6;163;104;30.0;85.9;51;476;
2021/11/01;13:21:32;1635772892;100.7;174;132;218.0;100.7;157;90;30.1;86.1;51;465;
2021/11/01;13:36:32;1635773792;95.3;172;126;204.0;95.3;157;90;30.1;86.1;51;524;
2021/11/01;13:51:32;1635774692;91.8;170;122;158.0;90.9;157;90;30.2;86.3;53;526;
2021/11/01;14:06:32;1635775592;85.5;166;114;123.0;85.5;157;90;30.2;86.4;51;469;
2021/11/01;14:21:32;1635776492;80.1;164;107;164.0;80.1;164;108;30.3;86.5;51;480;
2021/11/01;14:36:32;1635777392;85.5;166;114;131.0;84.6;164;108;30.3;86.5;51;460;
2021/11/01;14:51:32;1635778292;90.0;169;119;174.0;89.1;164;108;30.3;86.5;51;469;
2021/11/01;15:06:32;1635779192;90.0;169;119;174.0;90.0;164;108;30.3;86.5;51;469;
2021/11/01;15:21:32;1635780092;84.6;166;113;154.0;83.7;163;104;30.2;86.4;51;473;
2021/11/01;15:36:32;1635780992;86.4;167;115;172.0;85.5;163;104;30.3;86.5;51;482;
2021/11/01;15:51:32;1635781892;83.7;166;112;171.0;83.7;163;104;30.2;86.4;51;428;
2021/11/01;16:06:32;1635782792;79.2;163;106;158.0;79.2;163;104;30.2;86.3;51;413;
2021/11/01;16:21:32;1635783692;85.5;166;114;158.0;85.5;163;105;30.1;86.2;51;413;
2021/11/01;16:36:32;1635784592;97.1;172;128;241.0;96.2;163;105;30.0;86.0;53;411;
2021/11/01;16:51:32;1635785492;89.1;168;118;190.0;89.1;163;105;30.0;85.9;53;415;
2021/11/01;17:06:32;1635786392;94.4;171;125;209.0;93.6;163;105;29.9;85.9;54;446;
2021/11/01;17:21:32;1635787292;100.7;174;132;225.0;100.7;163;104;29.9;85.8;55;439;
2021/11/01;17:36:32;1635788192;99.8;174;131;165.0;99.8;163;104;29.9;85.8;56;444;
2021/11/01;17:51:32;1635789092;109.7;179;144;202.0;109.7;163;104;29.9;85.8;56;444;
2021/11/01;18:06:32;1635789992;105.2;177;138;184.0;105.2;163;104;29.9;85.8;57;473;
2021/11/01;18:21:32;1635790892;108.8;179;142;197.0;108.8;163;104;29.9;85.9;57;490;
2021/11/01;18:36:32;1635791792;109.7;179;144;198.0;109.7;163;104;29.9;85.9;57;523;
2021/11/01;18:51:32;1635792692;117.8;183;155;197.0;116.9;163;104;29.9;85.9;57;491;
2021/11/01;19:06:32;1635793592;124.0;186;164;233.0;122.2;163;104;29.7;85.4;60;534;
2021/11/01;19:21:32;1635794492;101.6;175;134;171.0;101.6;196;189;29.3;84.7;62;586;
2021/11/01;19:36:32;1635795392;112.4;180;147;227.0;111.5;196;189;29.0;84.2;63;550;
2021/11/01;19:51:32;1635796292;116.0;182;152;185.0;114.2;196;189;28.8;83.9;63;467;
2021/11/01;20:06:32;1635797192;107.0;178;140;194.0;103.4;196;189;28.8;83.8;63;453;
2021/11/01;20:21:32;1635798092;125.8;187;166;226.0;123.1;171;124;28.8;83.9;63;530;
2021/11/01;20:36:32;1635798992;113.3;181;148;185.0;111.5;171;124;28.9;84.0;63;519;
2021/11/01;20:51:32;1635799892;127.6;188;169;242.0;124.0;171;124;28.8;83.8;63;488;
2021/11/01;21:06:32;1635800792;119.6;184;157;203.0;116.9;171;124;28.9;84.0;64;567;
2021/11/01;21:21:32;1635801692;116.0;182;152;186.0;115.1;172;128;28.9;84.0;64;580;
2021/11/01;21:36:32;1635802592;136.6;193;181;263.0;133.9;172;128;28.7;83.7;63;507;
2021/11/01;21:51:32;1635803492;140.2;195;186;254.0;137.5;172;128;28.7;83.6;63;492;
2021/11/01;22:06:32;1635804392;154.5;205;205;288.0;150.0;172;128;28.5;83.3;63;496;
2021/11/01;22:21:32;1635805292;132.1;191;175;238.0;127.6;179;144;28.5;83.3;63;495;
2021/11/01;22:36:32;1635806192;181.4;232;232;371.0;175.1;179;144;28.4;83.2;63;504;
2021/11/01;22:51:32;1635807092;153.6;204;205;271.0;148.2;179;144;28.4;83.2;64;510;
2021/11/01;23:06:32;1635807992;144.7;197;193;241.0;139.3;179;144;28.4;83.1;64;514;
2021/11/01;23:21:32;1635808892;133.9;191;177;236.0;128.5;185;160;28.5;83.3;67;723;
2021/11/01;23:36:32;1635809792;141.1;195;188;256.0;135.7;185;160;28.5;83.4;66;666;
2021/11/01;23:51:32;1635810692;153.6;204;205;269.0;147.3;185;160;28.4;83.0;65;556;
2021/11/02;00:06:32;1635811592;165.3;216;216;352.0;159.0;185;160;28.1;82.7;66;521;
2021/11/02;00:21:32;1635812492;161.7;212;213;306.0;154.5;250;250;28.0;82.3;66;504;
2021/11/02;00:36:32;1635813392;164.4;215;215;291.0;156.3;250;250;27.9;82.2;66;504;
2021/11/02;00:51:32;1635814292;177.8;228;229;339.0;168.9;250;250;27.9;82.1;66;500;
2021/11/02;01:06:32;1635815192;178.7;229;229;332.0;169.8;250;250;27.8;82.0;66;498;
2021/11/02;01:21:32;1635816092;164.4;215;215;287.0;156.3;206;206;27.8;82.0;66;500;
2021/11/02;01:36:32;1635816992;180.5;231;231;310.0;172.4;206;206;27.7;81.9;66;504;
2021/11/02;01:51:32;1635817892;173.3;224;224;281.0;163.5;206;206;27.7;81.8;66;484;
2021/11/02;02:06:32;1635818792;185.9;236;237;333.0;175.1;206;206;27.6;81.7;65;479;
2021/11/02;02:21:32;1635819692;156.3;207;207;282.0;147.3;206;206;27.5;81.6;65;472;
2021/11/02;02:36:32;1635820592;165.3;216;216;279.0;156.3;206;206;27.5;81.4;65;469;
2021/11/02;02:51:32;1635821492;167.1;217;218;283.0;156.3;206;206;27.3;81.2;66;466;
2021/11/02;03:06:32;1635822392;149.1;199;199;234.0;140.2;206;206;27.3;81.2;65;464;
2021/11/02;03:21:29;1635823289;160.8;211;212;270.0;149.1;206;206;27.2;81.0;66;445;
2021/11/02;03:36:29;1635824189;143.8;197;191;238.0;132.1;206;206;27.1;80.7;67;467;
2021/11/02;03:51:29;1635825089;147.3;198;196;233.0;136.6;206;206;27.1;80.8;68;490;
2021/11/02;04:06:29;1635825989;165.3;216;216;302.0;151.8;0;0;27.0;80.6;68;467;
2021/11/02;04:21:29;1635826889;167.1;217;218;247.0;153.6;189;170;27.0;80.5;69;486;
2021/11/02;04:36:29;1635827789;173.3;224;224;283.0;160.8;189;170;26.9;80.5;71;498;
2021/11/02;04:51:29;1635828689;156.3;207;207;258.0;142.9;189;170;26.8;80.3;72;503;
2021/11/02;05:06:29;1635829589;148.2;199;197;245.0;135.7;189;170;26.8;80.2;71;493;
2021/11/02;05:21:29;1635830489;141.1;195;188;220.0;128.5;173;130;26.7;80.0;71;485;
2021/11/02;05:36:29;1635831389;140.2;195;186;231.0;126.7;173;130;26.6;79.9;71;490;
2021/11/02;05:51:29;1635832289;137.5;193;183;248.0;124.0;173;130;26.6;79.9;71;498;
2021/11/02;06:06:29;1635833189;148.2;199;197;227.0;134.8;173;130;26.7;80.0;69;517;
2021/11/02;06:21:29;1635834089;163.5;214;214;282.0;148.2;180;146;26.5;79.8;69;506;
2021/11/02;06:36:29;1635834989;112.4;180;147;172.0;101.6;180;146;26.9;80.5;69;559;
2021/11/02;06:51:29;1635835889;102.5;175;135;163.0;95.3;180;146;27.2;81.0;68;571;
2021/11/02;07:06:29;1635836789;138.4;194;184;490.0;131.2;180;146;27.3;81.1;67;561;
2021/11/02;07:21:29;1635837689;124.0;186;164;245.0;115.1;179;144;27.2;81.0;68;544;
2021/11/02;07:36:29;1635838589;112.4;180;147;204.0;103.4;179;144;27.3;81.1;67;549;
2021/11/02;07:51:29;1635839489;110.6;179;145;188.0;103.4;179;144;27.3;81.2;67;541;
2021/11/02;08:06:29;1635840389;106.1;177;139;231.0;98.9;179;144;27.5;81.4;67;570;
2021/11/02;08:21:29;1635841289;102.5;175;135;186.0;95.3;183;154;27.5;81.5;66;541;
2021/11/02;08:36:29;1635842189;108.8;179;142;208.0;102.5;183;154;27.6;81.8;66;596;
2021/11/02;08:51:29;1635843089;102.5;175;135;175.0;96.2;183;154;27.7;81.8;66;565;
2021/11/02;09:06:29;1635843989;107.0;178;140;192.0;100.7;183;154;27.8;82.0;65;551;
2021/11/02;09:21:29;1635844889;99.8;174;131;184.0;94.4;168;118;27.8;82.1;64;512;
2021/11/02;09:36:29;1635845789;85.5;166;114;145.0;81.0;168;118;27.8;82.1;62;470;
2021/11/02;09:51:29;1635846689;90.0;169;119;161.0;84.6;168;118;27.9;82.2;62;494;
2021/11/02;10:06:29;1635847589;91.8;170;122;192.0;86.4;168;118;28.0;82.3;62;490;
2021/11/02;10:21:29;1635848489;104.3;176;137;218.0;98.9;161;99;27.9;82.2;59;455;
2021/11/02;10:36:29;1635849389;97.1;172;128;173.0;91.8;161;99;27.8;82.1;60;447;
2021/11/02;10:51:29;1635850289;92.7;170;123;150.0;87.3;161;99;27.9;82.1;60;456;
2021/11/02;11:06:29;1635851189;81.9;165;109;127.0;76.5;161;99;27.9;82.2;60;462;
2021/11/02;11:21:29;1635852089;83.7;166;112;158.0;78.3;161;99;27.9;82.2;59;460;
2021/11/02;11:36:29;1635852989;92.7;170;123;193.0;88.2;161;99;27.9;82.3;57;458;
2021/11/02;11:51:29;1635853889;82.8;165;111;135.0;77.4;161;99;27.9;82.2;55;430;
2021/11/02;12:06:29;1635854789;81.0;164;108;144.0;76.5;161;99;27.9;82.3;53;415;
2021/11/02;12:21:29;1635855689;72.9;160;97;113.0;68.4;165;110;27.9;82.3;51;412;
2021/11/02;12:36:29;1635856589;72.9;160;97;129.0;70.2;165;110;28.2;82.8;53;420;
2021/11/02;12:51:29;1635857489;81.9;165;109;160.0;81.9;165;110;28.6;83.5;53;415;
2021/11/02;13:06:29;1635858389;81.9;165;109;144.0;81.9;165;110;28.9;84.0;54;469;
2021/11/02;13:21:29;1635859289;86.4;167;115;159.0;86.4;163;104;29.1;84.4;54;450;
2021/11/02;13:36:29;1635860189;91.8;170;122;190.0;91.8;163;104;29.2;84.6;54;469;
2021/11/02;13:51:29;1635861089;82.8;165;111;161.0;81.9;163;104;29.4;84.9;53;444;
2021/11/02;14:06:29;1635861989;80.1;164;107;141.0;80.1;163;104;29.4;85.0;54;459;
2021/11/02;14:21:29;1635862889;73.8;160;99;113.0;73.8;166;111;29.5;85.1;51;416;
2021/11/02;14:36:29;1635863789;72.9;160;97;116.0;72.9;166;111;29.5;85.2;53;431;
2021/11/02;14:51:29;1635864689;73.8;160;99;129.0;72.9;166;111;29.6;85.2;53;419;
2021/11/02;15:06:29;1635865589;72.0;160;96;107.0;71.1;166;111;29.6;85.2;54;418;
2021/11/02;15:21:29;1635866489;68.4;158;92;114.0;68.4;163;105;29.6;85.3;54;418;
2021/11/02;15:36:29;1635867389;76.5;162;103;156.0;76.5;163;105;29.6;85.3;55;409;
2021/11/02;15:51:29;1635868289;78.3;163;105;120.0;78.3;163;105;29.6;85.2;55;419;
2021/11/02;16:06:29;1635869189;78.3;163;105;155.0;78.3;163;105;29.5;85.1;56;416;
2021/11/02;16:21:29;1635870089;68.4;158;92;134.0;68.4;164;108;29.5;85.1;56;413;
2021/11/02;16:36:29;1635870989;80.1;164;107;126.0;79.2;164;108;29.5;85.1;56;411;
2021/11/02;16:51:29;1635871889;73.8;160;99;125.0;73.8;164;108;29.5;85.1;57;410;
2021/11/02;17:06:29;1635872789;72.9;160;97;112.0;72.9;164;108;29.5;85.0;57;408;
2021/11/02;17:21:29;1635873689;75.6;161;102;123.0;75.6;166;111;29.5;85.1;57;407;
2021/11/02;17:36:29;1635874589;75.6;161;102;107.0;75.6;166;111;29.4;85.0;58;408;
2021/11/02;17:51:29;1635875489;73.8;160;99;120.0;73.8;166;111;29.4;84.9;58;408;
2021/11/02;18:06:29;1635876389;79.2;163;106;156.0;79.2;166;111;29.4;85.0;58;410;
2021/11/02;18:21:29;1635877289;83.7;166;112;150.0;83.7;166;111;29.4;84.9;59;413;
2021/11/02;18:36:29;1635878189;84.6;166;113;142.0;84.6;166;111;29.4;84.9;59;414;
2021/11/02;18:51:29;1635879089;82.8;165;111;141.0;82.8;166;111;29.4;84.9;59;418;
2021/11/02;19:06:29;1635879989;96.2;172;127;193.0;96.2;165;109;29.4;84.9;59;422;
2021/11/02;19:21:29;1635880889;103.4;176;136;219.0;102.5;178;140;29.4;84.9;59;449;
2021/11/02;19:36:29;1635881789;116.0;182;152;232.0;115.1;178;140;29.4;84.9;60;451;
2021/11/02;19:51:29;1635882689;113.3;181;148;201.0;113.3;178;140;29.4;84.9;60;533;
2021/11/02;20:06:29;1635883589;114.2;181;149;233.0;114.2;178;140;29.4;85.0;62;616;
2021/11/02;20:21:29;1635884489;111.5;180;146;229.0;111.5;198;196;29.4;84.9;62;575;
2021/11/02;20:36:29;1635885389;108.8;179;142;201.0;107.9;198;196;29.4;84.9;60;508;
2021/11/02;20:51:29;1635886289;103.4;176;136;229.0;103.4;198;196;29.3;84.8;60;481;
2021/11/02;21:06:29;1635887189;99.8;174;131;198.0;98.9;198;196;29.3;84.8;59;472;
2021/11/02;21:21:29;1635888089;106.1;177;139;182.0;105.2;198;196;29.3;84.8;59;457;
2021/11/02;21:36:29;1635888989;107.0;178;140;222.0;107.0;202;202;29.2;84.6;58;448;
2021/11/02;21:51:29;1635889889;104.3;176;137;234.0;103.4;202;202;29.2;84.5;59;462;
2021/11/02;22:06:29;1635890789;90.9;169;120;158.0;90.9;202;202;29.2;84.5;59;475;
2021/11/02;22:21:29;1635891689;92.7;170;123;160.0;92.7;182;151;29.1;84.4;59;490;
2021/11/02;22:36:29;1635892589;123.1;186;162;237.0;123.1;182;151;29.0;84.1;59;508;
2021/11/02;22:51:29;1635893489;152.7;203;204;297.0;149.1;182;151;28.0;82.3;62;497;
2021/11/02;23:06:29;1635894389;131.2;190;174;251.0;124.9;182;151;27.6;81.6;62;486;
2021/11/02;23:21:29;1635895289;135.7;192;180;279.0;126.7;205;205;27.6;81.7;64;580;
2021/11/02;23:36:29;1635896189;131.2;190;174;270.0;124.0;205;205;27.6;81.7;65;627;
2021/11/02;23:51:29;1635897089;122.2;185;161;228.0;116.0;205;205;27.5;81.6;65;566;
2021/11/03;00:06:29;1635897989;110.6;179;145;202.0;102.5;205;205;27.4;81.4;63;488;
2021/11/03;00:21:29;1635898889;98.0;173;129;144.0;90.9;205;205;27.3;81.2;62;492;
2021/11/03;00:36:29;1635899789;102.5;175;135;151.0;96.2;205;205;27.7;81.9;63;600;
2021/11/03;00:51:29;1635900689;82.8;165;111;147.0;78.3;205;205;27.9;82.2;63;647;
2021/11/03;01:06:29;1635901589;73.8;160;99;111.0;71.1;205;205;28.0;82.4;63;685;
2021/11/03;01:21:29;1635902489;69.3;158;93;117.0;65.8;189;171;28.0;82.5;63;693;
2021/11/03;01:36:29;1635903389;68.4;158;92;99.0;65.8;189;171;28.1;82.6;63;698;
2021/11/03;01:51:29;1635904289;66.7;157;90;107.0;63.1;189;171;28.1;82.6;63;703;
2021/11/03;02:06:29;1635905189;64.0;155;87;89.0;61.3;189;171;28.1;82.6;63;700;
2021/11/03;02:21:29;1635906089;73.8;160;99;108.0;70.2;193;180;28.1;82.6;63;671;
2021/11/03;02:36:29;1635906989;78.3;163;105;106.0;74.7;193;180;28.1;82.6;63;668;
2021/11/03;02:51:29;1635907889;133.9;191;177;276.0;128.5;193;180;28.1;82.5;64;600;
2021/11/03;03:06:29;1635908789;219.1;269;269;475.0;209.2;193;180;27.4;81.3;63;493;
2021/11/03;03:21:29;1635909689;164.4;215;215;380.0;155.4;174;133;27.1;80.8;64;489;
2021/11/03;03:36:29;1635910589;164.4;215;215;343.0;151.8;174;133;27.0;80.5;65;488;
2021/11/03;03:51:29;1635911489;160.8;211;212;331.0;149.1;174;133;26.9;80.4;66;486;
2021/11/03;04:06:29;1635912389;139.3;194;185;259.0;128.5;174;133;26.8;80.2;66;482;
2021/11/03;04:21:29;1635913289;124.9;187;165;213.0;114.2;176;136;26.7;80.0;66;477;
2021/11/03;04:36:29;1635914189;118.7;184;156;239.0;108.8;176;136;26.6;79.9;66;474;
2021/11/03;04:51:29;1635915089;124.9;187;165;239.0;115.1;176;136;26.7;80.1;67;494;
2021/11/03;05:06:29;1635915989;134.8;192;179;287.0;124.9;176;136;27.0;80.5;67;498;
2021/11/03;05:21:29;1635916889;117.8;183;155;246.0;108.8;194;183;27.0;80.6;68;507;
2021/11/03;05:36:29;1635917789;113.3;181;148;260.0;106.1;194;183;27.1;80.8;68;501;
2021/11/03;05:51:29;1635918689;107.9;178;141;187.0;100.7;194;183;27.4;81.3;67;497;
2021/11/03;06:06:29;1635919589;90.0;169;119;162.0;83.7;194;183;27.3;81.2;68;487;
2021/11/03;06:21:29;1635920489;90.0;169;119;148.0;83.7;183;153;27.2;81.0;68;481;
2021/11/03;06:36:29;1635921389;98.9;173;130;187.0;92.7;183;153;27.4;81.3;68;483;
2021/11/03;06:51:29;1635922289;129.4;189;171;283.0;120.4;183;153;27.1;80.8;69;486;
2021/11/03;07:06:25;1635923185;164.4;215;215;367.0;153.6;183;153;27.2;80.9;69;484;
2021/11/03;07:21:25;1635924085;173.3;224;224;366.0;163.5;189;170;27.2;81.0;69;488;
2021/11/03;07:36:25;1635924985;162.6;213;213;297.0;151.8;189;170;27.1;80.8;69;494;
2021/11/03;07:51:25;1635925885;156.3;207;207;309.0;147.3;189;170;27.4;81.3;69;506;
2021/11/03;08:06:25;1635926785;117.8;183;155;213.0;110.6;189;170;27.5;81.5;69;483;
2021/11/03;08:21:25;1635927685;90.9;169;120;183.0;84.6;187;164;27.6;81.7;69;576;
2021/11/03;08:36:25;1635928585;90.0;169;119;158.0;85.5;187;164;27.7;81.9;69;580;
2021/11/03;08:51:25;1635929485;149.1;199;199;448.0;144.7;187;164;27.8;82.0;68;527;
2021/11/03;09:06:25;1635930385;118.7;184;156;232.0;112.4;187;164;27.9;82.2;71;612;
2021/11/03;09:21:25;1635931285;107.9;178;141;204.0;102.5;183;154;27.9;82.2;69;528;
2021/11/03;09:36:25;1635932185;108.8;179;142;192.0;103.4;183;154;28.0;82.4;68;545;
2021/11/03;09:51:25;1635933085;111.5;180;146;230.0;106.1;183;154;28.0;82.4;68;559;
2021/11/03;10:06:25;1635933985;101.6;175;134;237.0;96.2;183;154;28.1;82.5;67;563;
2021/11/03;10:21:25;1635934885;76.5;162;103;145.0;72.0;177;138;28.1;82.5;66;484;
2021/11/03;10:36:25;1635935785;65.8;156;89;129.0;61.3;177;138;28.1;82.5;65;449;
2021/11/03;10:51:25;1635936685;63.1;155;85;126.0;59.5;177;138;28.1;82.6;64;453;
2021/11/03;10:56:31;1635936991;1468.0;1139;1139;2000.0;1468.0;177;138;28.1;82.6;63;447;
2021/11/03;10:56:41;1635937001;647.6;597;597;2000.0;575.9;177;138;28.1;82.6;63;448;
2021/11/03;10:56:51;1635937011;422.6;449;449;2000.0;422.6;177;138;28.1;82.7;64;448;
2021/11/03;10:57:01;1635937021;217.3;267;268;2000.0;217.3;177;138;28.1;82.7;64;451;
2021/11/03;10:57:11;1635937031;100.7;174;132;805.0;100.7;177;138;28.1;82.7;64;451;
2021/11/03;10:57:21;1635937041;77.4;162;104;408.0;75.6;177;138;28.1;82.6;63;453;
2021/11/03;10:57:31;1635937051;64.9;156;88;184.0;62.2;177;138;28.1;82.6;63;453;
2021/11/03;10:57:41;1635937061;63.1;155;85;154.0;60.4;177;138;28.1;82.6;63;453;
2021/11/03;10:57:51;1635937071;63.1;155;85;136.0;60.4;177;138;28.1;82.6;63;452;
2021/11/03;10:58:01;1635937081;63.1;155;85;128.0;60.4;177;138;28.1;82.6;63;452;
2021/11/03;10:58:11;1635937091;64.9;156;88;142.0;63.1;177;138;28.1;82.6;63;452;
2021/11/03;10:58:21;1635937101;64.9;156;88;139.0;63.1;177;138;28.1;82.6;63;452;
2021/11/03;10:58:31;1635937111;66.7;157;90;159.0;64.9;177;138;28.1;82.6;63;452;
2021/11/03;10:58:41;1635937121;66.7;157;90;179.0;64.9;177;138;28.1;82.6;63;452;
2021/11/03;10:58:51;1635937131;64.9;156;88;180.0;63.1;177;138;28.1;82.6;63;451;
2021/11/03;10:59:01;1635937141;65.8;156;89;167.0;64.0;177;138;28.1;82.6;63;451;
2021/11/03;10:59:11;1635937151;65.8;156;89;134.0;64.9;177;138;28.1;82.6;63;451;
2021/11/03;10:59:21;1635937161;66.7;157;90;134.0;64.9;177;138;28.1;82.6;63;451;
2021/11/03;10:59:31;1635937171;64.0;155;87;121.0;62.2;177;138;28.1;82.6;63;451;
2021/11/03;10:59:41;1635937181;64.0;155;87;128.0;62.2;177;138;28.1;82.6;63;451;
2021/11/03;10:59:51;1635937191;64.0;155;87;117.0;62.2;177;138;28.1;82.5;63;451;
2021/11/03;11:00:01;1635937201;63.1;155;85;134.0;61.3;177;138;28.1;82.5;63;451;
2021/11/03;11:00:11;1635937211;62.2;154;84;126.0;60.4;177;138;28.1;82.5;63;450;
2021/11/03;11:00:21;1635937221;64.9;156;88;141.0;64.0;177;138;28.1;82.5;63;450;
2021/11/03;11:00:31;1635937231;67.6;157;91;134.0;66.7;177;138;28.1;82.5;63;450;
2021/11/03;11:00:41;1635937241;69.3;158;93;131.0;68.4;177;138;28.1;82.5;63;449;
2021/11/03;11:00:51;1635937251;66.7;157;90;117.0;65.8;177;138;28.1;82.5;63;449;
2021/11/03;11:01:01;1635937261;63.1;155;85;128.0;62.2;177;138;28.1;82.5;63;449;
2021/11/03;11:01:11;1635937271;63.1;155;85;157.0;62.2;177;138;28.1;82.5;63;449;
2021/11/03;11:01:21;1635937281;66.7;157;90;155.0;65.8;177;138;28.1;82.6;63;449;
2021/11/03;11:01:31;1635937291;68.4;158;92;142.0;67.6;170;121;28.1;82.6;63;449;
2021/11/03;11:01:41;1635937301;68.4;158;92;130.0;67.6;170;121;28.1;82.6;63;448;
2021/11/03;11:01:51;1635937311;67.6;157;91;141.0;66.7;170;121;28.1;82.5;63;448;
2021/11/03;11:02:01;1635937321;68.4;158;92;130.0;67.6;170;121;28.1;82.5;63;448;
2021/11/03;11:02:11;1635937331;66.7;157;90;121.0;65.8;170;121;28.1;82.5;63;448;
2021/11/03;11:02:21;1635937341;64.9;156;88;119.0;64.0;170;121;28.1;82.5;63;448;
2021/11/03;11:02:31;1635937351;68.4;158;92;135.0;66.7;170;121;28.1;82.5;63;448;
2021/11/03;11:02:41;1635937361;67.6;157;91;123.0;67.6;170;121;28.1;82.5;63;449;
2021/11/03;11:02:51;1635937371;71.1;159;95;130.0;71.1;170;121;28.1;82.5;63;448;
2021/11/03;11:03:01;1635937381;68.4;158;92;116.0;67.6;170;121;28.1;82.5;63;448;
2021/11/03;11:03:11;1635937391;69.3;158;93;136.0;68.4;170;121;28.1;82.5;63;448;
2021/11/03;11:03:21;1635937401;66.7;157;90;122.0;65.8;170;121;28.1;82.6;63;448;
2021/11/03;11:03:31;1635937411;67.6;157;91;126.0;67.6;170;121;28.1;82.6;63;448;
2021/11/03;11:03:41;1635937421;67.6;157;91;130.0;67.6;170;121;28.1;82.6;63;448;
2021/11/03;11:03:51;1635937431;69.3;158;93;140.0;69.3;170;121;28.1;82.5;63;447;
2021/11/03;11:04:01;1635937441;70.2;159;94;149.0;70.2;170;121;28.1;82.5;63;445;
2021/11/03;11:04:11;1635937451;72.0;160;96;135.0;72.0;170;121;28.1;82.5;63;444;
2021/11/03;11:04:21;1635937461;70.2;159;94;126.0;70.2;170;121;28.1;82.6;63;442;
2021/11/03;11:04:31;1635937471;69.3;158;93;128.0;68.4;170;121;28.1;82.6;63;442;
2021/11/03;11:04:41;1635937481;67.6;157;91;126.0;67.6;170;121;28.1;82.6;63;441;
2021/11/03;11:04:51;1635937491;66.7;157;90;136.0;65.8;170;121;28.1;82.6;63;437;
2021/11/03;11:05:01;1635937501;65.8;156;89;135.0;64.9;170;121;28.1;82.6;63;437;
2021/11/03;11:05:11;1635937511;64.9;156;88;138.0;64.0;170;121;28.1;82.6;63;436;
2021/11/03;11:05:21;1635937521;65.8;156;89;125.0;64.9;170;121;28.1;82.6;63;436;
2021/11/03;11:05:31;1635937531;62.2;154;84;108.0;61.3;170;121;28.1;82.6;63;435;
2021/11/03;11:05:41;1635937541;61.3;154;83;110.0;60.4;170;121;28.1;82.6;63;434;
2021/11/03;11:05:51;1635937551;62.2;154;84;117.0;61.3;170;121;28.1;82.6;63;434;
2021/11/03;11:06:01;1635937561;60.4;154;82;103.0;60.4;170;121;28.1;82.6;63;433;
2021/11/03;11:06:11;1635937571;62.2;154;84;109.0;61.3;170;121;28.1;82.6;63;433;
2021/11/03;11:11:21;1635937881;62.2;154;84;97.0;61.3;170;121;28.3;83.0;63;418;
2021/11/03;11:16:21;1635938181;63.1;155;85;125.0;62.2;170;121;28.4;83.2;63;419;
2021/11/03;11:21:21;1635938481;58.6;153;80;101.0;57.7;170;121;28.6;83.5;63;417;
2021/11/03;11:26:21;1635938781;62.2;154;84;103.0;62.2;170;121;28.7;83.7;62;418;
2021/11/03;11:31:21;1635939081;66.7;157;90;125.0;65.8;170;121;28.8;83.8;62;413;
2021/11/03;11:36:21;1635939381;62.2;154;84;116.0;62.2;170;121;28.9;84.0;62;416;
2021/11/03;11:41:21;1635939681;64.0;155;87;119.0;64.0;170;121;29.0;84.1;62;414;
2021/11/03;11:46:21;1635939981;64.0;155;87;107.0;63.1;170;121;29.1;84.3;60;410;
2021/11/03;11:51:21;1635940281;63.1;155;85;111.0;62.2;170;121;29.1;84.4;60;409;
2021/11/03;11:56:21;1635940581;64.9;156;88;90.0;64.9;170;121;29.2;84.5;60;410;
2021/11/03;12:01:21;1635940881;63.1;155;85;111.0;63.1;170;121;29.2;84.6;60;412;
2021/11/03;12:06:21;1635941181;63.1;155;85;127.0;63.1;162;101;29.3;84.7;59;415;
2021/11/03;12:11:21;1635941481;63.1;155;85;123.0;63.1;162;101;29.3;84.8;59;415;
2021/11/03;12:16:21;1635941781;61.3;154;83;98.0;61.3;162;101;29.3;84.8;59;419;
2021/11/03;12:21:21;1635942081;60.4;154;82;112.0;59.5;162;101;29.4;84.9;58;413;
2021/11/03;12:26:21;1635942381;61.3;154;83;113.0;61.3;162;101;29.4;85.0;58;417;
2021/11/03;12:31:21;1635942681;59.5;153;81;102.0;59.5;162;101;29.5;85.0;58;421;
2021/11/03;12:36:21;1635942981;61.3;154;83;93.0;61.3;162;101;29.5;85.1;58;420;
2021/11/03;12:41:21;1635943281;59.5;153;81;114.0;58.6;162;101;29.5;85.2;57;412;
2021/11/03;12:46:21;1635943581;60.4;154;82;101.0;59.5;162;101;29.6;85.2;58;415;
2021/11/03;12:51:21;1635943881;57.7;152;79;113.0;57.7;162;101;29.6;85.3;58;423;
2021/11/03;12:56:21;1635944181;60.4;154;82;109.0;59.5;162;101;29.7;85.4;58;420;
2021/11/03;13:01:21;1635944481;56.8;152;78;105.0;56.8;162;101;29.7;85.5;57;417;
2021/11/03;13:06:21;1635944781;59.5;153;81;112.0;59.5;153;81;29.8;85.6;57;416;
2021/11/03;13:11:21;1635945081;57.7;152;79;77.0;57.7;153;81;29.8;85.6;57;414;
2021/11/03;13:16:21;1635945381;60.4;154;82;93.0;60.4;153;81;29.9;85.7;57;412;
2021/11/03;13:21:21;1635945681;57.7;152;79;102.0;57.7;153;81;29.9;85.8;56;410;
2021/11/03;13:26:21;1635945981;56.8;152;78;109.0;56.8;153;81;29.9;85.9;56;412;
2021/11/03;13:31:21;1635946281;55.0;149;76;103.0;55.0;153;81;30.0;85.9;56;413;
2021/11/03;13:36:21;1635946581;54.0;147;74;93.0;54.0;153;81;30.0;86.0;56;412;
2021/11/03;13:41:21;1635946881;57.7;152;79;122.0;57.7;153;81;30.0;86.0;56;409;
2021/11/03;13:46:21;1635947181;57.7;152;79;110.0;57.7;153;81;30.1;86.1;56;410;
2021/11/03;13:51:21;1635947481;59.5;153;81;97.0;59.5;153;81;30.1;86.1;56;411;
2021/11/03;13:56:21;1635947781;55.9;151;77;108.0;55.0;153;81;30.1;86.1;56;413;
2021/11/03;14:01:21;1635948081;56.8;152;78;100.0;56.8;153;81;30.1;86.2;55;409;
2021/11/03;14:06:21;1635948381;56.8;152;78;97.0;55.9;156;89;30.1;86.2;55;409;
2021/11/03;14:11:21;1635948681;58.6;153;80;116.0;58.6;156;89;30.1;86.2;55;407;
2021/11/03;14:16:21;1635948981;61.3;154;83;128.0;61.3;156;89;30.1;86.2;55;405;
2021/11/03;14:21:21;1635949281;55.9;151;77;75.0;55.9;156;89;30.1;86.2;55;404;
2021/11/03;14:26:21;1635949581;59.5;153;81;97.0;59.5;156;89;30.1;86.2;55;407;
2021/11/03;14:31:21;1635949881;61.3;154;83;124.0;61.3;156;89;30.1;86.2;55;402;
2021/11/03;14:36:21;1635950181;59.5;153;81;129.0;58.6;156;89;30.1;86.2;55;406;
2021/11/03;14:41:21;1635950481;55.9;151;77;105.0;55.9;156;89;30.1;86.3;55;406;
2021/11/03;14:46:21;1635950781;55.9;151;77;105.0;55.0;156;89;30.1;86.3;55;406;
2021/11/03;14:51:21;1635951081;55.0;149;76;119.0;55.0;156;89;30.2;86.3;55;404;
2021/11/03;14:56:21;1635951381;56.8;152;78;97.0;55.9;156;89;30.2;86.3;55;401;
2021/11/03;15:01:21;1635951681;58.6;153;80;108.0;58.6;156;89;30.2;86.3;56;400;
2021/11/03;15:06:21;1635951981;55.0;149;76;91.0;55.0;153;80;30.2;86.3;56;400;
2021/11/03;15:11:21;1635952281;55.0;149;76;116.0;54.0;153;80;30.2;86.3;56;403;
2021/11/03;15:16:21;1635952581;56.8;152;78;106.0;56.8;153;80;30.2;86.3;56;402;
2021/11/03;15:21:21;1635952881;55.0;149;76;99.0;55.0;153;80;30.2;86.3;56;402;
2021/11/03;15:26:21;1635953181;59.5;153;81;110.0;59.5;153;80;30.2;86.3;56;407;
2021/11/03;15:31:21;1635953481;56.8;152;78;101.0;56.8;153;80;30.1;86.2;56;411;
2021/11/03;15:36:21;1635953781;56.8;152;78;100.0;56.8;153;80;30.1;86.1;56;412;
2021/11/03;15:41:21;1635954081;62.2;154;84;144.0;62.2;153;80;30.0;86.0;56;409;
2021/11/03;15:46:21;1635954381;59.5;153;81;137.0;58.6;153;80;30.0;86.0;56;407;
2021/11/03;15:51:21;1635954681;58.6;153;80;132.0;58.6;153;80;30.0;86.0;56;409;
2021/11/03;15:56:21;1635954981;63.1;155;85;145.0;63.1;153;80;30.0;85.9;56;406;
2021/11/03;16:01:21;1635955281;66.7;157;90;131.0;66.7;153;80;29.9;85.9;56;407;
2021/11/03;16:06:21;1635955581;59.5;153;81;141.0;59.5;153;80;29.9;85.8;56;409;
2021/11/03;16:11:21;1635955881;60.4;154;82;149.0;60.4;153;80;29.8;85.7;56;407;
2021/11/03;16:16:21;1635956181;62.2;154;84;160.0;62.2;151;76;29.8;85.6;56;407;
2021/11/03;16:21:21;1635956481;60.4;154;82;162.0;60.4;151;76;29.7;85.5;56;408;
2021/11/03;16:26:21;1635956781;69.3;158;93;134.0;68.4;151;76;29.7;85.4;56;403;
2021/11/03;16:31:21;1635957081;64.0;155;87;117.0;64.0;151;76;29.6;85.4;57;407;
2021/11/03;16:36:21;1635957381;67.6;157;91;146.0;66.7;151;76;29.6;85.3;57;408;
2021/11/03;16:41:21;1635957681;64.9;156;88;131.0;64.9;151;76;29.6;85.2;57;407;
2021/11/03;16:46:21;1635957981;64.0;155;87;145.0;64.0;151;76;29.5;85.2;57;404;
2021/11/03;16:51:21;1635958281;69.3;158;93;144.0;69.3;151;76;29.5;85.1;57;405;
2021/11/03;16:56:21;1635958581;72.9;160;97;144.0;72.9;151;76;29.5;85.0;57;404;
2021/11/03;17:01:21;1635958881;88.2;168;117;205.0;88.2;151;76;29.4;85.0;57;405;
2021/11/03;17:06:21;1635959181;108.8;179;142;284.0;108.8;155;85;29.4;85.0;57;406;
2021/11/03;17:11:21;1635959481;115.1;182;151;320.0;115.1;155;85;29.3;84.8;57;409;
2021/11/03;17:16:21;1635959781;107.9;178;141;279.0;107.9;155;85;29.3;84.8;57;407;
2021/11/03;17:21:21;1635960081;105.2;177;138;271.0;105.2;155;85;29.2;84.6;57;406;
2021/11/03;17:26:21;1635960381;107.9;178;141;286.0;107.9;155;85;29.2;84.6;57;411;
2021/11/03;17:31:21;1635960681;99.8;174;131;236.0;99.8;155;85;29.2;84.6;57;412;
2021/11/03;17:36:21;1635960981;93.6;171;124;208.0;93.6;155;85;29.3;84.7;58;420;
2021/11/03;17:41:21;1635961281;94.4;171;125;209.0;94.4;155;85;29.3;84.7;58;427;
2021/11/03;17:46:21;1635961581;88.2;168;117;200.0;88.2;155;85;29.3;84.7;58;436;
2021/11/03;17:51:21;1635961881;85.5;166;114;205.0;85.5;155;85;29.3;84.7;58;459;
2021/11/03;17:56:21;1635962181;82.8;165;111;210.0;82.8;155;85;29.3;84.8;59;474;
2021/11/03;18:01:21;1635962481;81.9;165;109;176.0;81.9;155;85;29.4;84.9;59;492;
2021/11/03;18:06:21;1635962781;82.8;165;111;174.0;82.8;163;105;29.4;84.9;59;498;
2021/11/03;18:11:21;1635963081;84.6;166;113;212.0;84.6;163;105;29.4;84.9;59;504;
2021/11/03;18:16:21;1635963381;82.8;165;111;186.0;82.8;163;105;29.4;84.9;59;510;
2021/11/03;18:21:21;1635963681;81.9;165;109;193.0;81.9;163;105;29.4;85.0;59;516;
2021/11/03;18:26:21;1635963981;77.4;162;104;159.0;77.4;163;105;29.4;84.9;59;514;
2021/11/03;18:31:21;1635964281;85.5;166;114;198.0;84.6;163;105;29.4;85.0;59;506;
2021/11/03;18:36:21;1635964581;80.1;164;107;171.0;80.1;163;105;29.4;85.0;59;496;
2021/11/03;18:41:21;1635964881;82.8;165;111;187.0;82.8;163;105;29.4;85.0;59;490;
2021/11/03;18:46:21;1635965181;83.7;166;112;188.0;83.7;163;105;29.4;85.0;59;491;
2021/11/03;18:51:21;1635965481;86.4;167;115;199.0;85.5;163;105;29.4;85.0;59;492;
2021/11/03;18:56:21;1635965781;89.1;168;118;178.0;89.1;163;105;29.4;84.9;60;492;
2021/11/03;19:01:21;1635966081;94.4;171;125;217.0;94.4;163;105;29.4;84.9;60;489;
2021/11/03;19:06:21;1635966381;98.9;173;130;286.0;98.9;176;135;29.4;84.9;60;489;
2021/11/03;19:11:21;1635966681;112.4;180;147;269.0;111.5;176;135;29.4;84.9;60;490;
2021/11/03;19:16:21;1635966981;116.9;183;154;275.0;115.1;176;135;29.4;84.9;60;484;
2021/11/03;19:21:21;1635967281;118.7;184;156;246.0;118.7;176;135;29.3;84.8;60;484;
2021/11/03;19:26:21;1635967581;132.1;191;175;307.0;130.3;176;135;29.3;84.8;60;483;
2021/11/03;19:31:21;1635967881;126.7;188;167;272.0;124.9;176;135;29.3;84.7;60;483;
2021/11/03;19:36:21;1635968181;124.9;187;165;306.0;124.0;176;135;29.3;84.8;60;484;
2021/11/03;19:41:21;1635968481;124.0;186;164;277.0;123.1;176;135;29.3;84.8;60;487;
2021/11/03;19:46:21;1635968781;126.7;188;167;284.0;126.7;176;135;29.3;84.8;60;487;
2021/11/03;19:51:21;1635969081;129.4;189;171;342.0;129.4;176;135;29.3;84.7;60;483;
2021/11/03;19:56:21;1635969381;131.2;190;174;322.0;131.2;176;135;29.3;84.8;60;482;
2021/11/03;20:01:21;1635969681;132.1;191;175;315.0;132.1;176;135;29.3;84.8;60;484;
2021/11/03;20:06:21;1635969981;124.9;187;165;321.0;124.0;176;135;29.3;84.7;60;485;
2021/11/03;20:11:21;1635970281;124.0;186;164;294.0;124.0;176;135;29.3;84.7;60;485;
2021/11/03;20:16:21;1635970581;117.8;183;155;271.0;117.8;176;135;29.3;84.7;60;480;
2021/11/03;20:21:21;1635970881;113.3;181;148;234.0;113.3;176;135;29.3;84.7;60;475;
2021/11/03;20:26:21;1635971181;113.3;181;148;266.0;112.4;176;135;29.3;84.7;60;472;
2021/11/03;20:31:21;1635971481;115.1;182;151;212.0;114.2;176;135;29.3;84.7;60;470;
2021/11/03;20:36:21;1635971781;113.3;181;148;266.0;112.4;176;135;29.3;84.7;60;472;
2021/11/03;20:41:21;1635972081;113.3;181;148;254.0;113.3;176;135;29.3;84.7;62;473;
2021/11/03;20:46:21;1635972381;110.6;179;145;251.0;110.6;176;135;29.3;84.7;62;471;
2021/11/03;20:51:21;1635972681;107.9;178;141;251.0;107.9;176;135;29.3;84.7;62;474;
2021/11/03;20:56:21;1635972981;111.5;180;146;242.0;111.5;176;135;29.2;84.7;62;474;
2021/11/03;21:01:21;1635973281;109.7;179;144;224.0;109.7;176;135;29.2;84.7;62;472;
2021/11/03;21:06:21;1635973581;107.9;178;141;266.0;107.9;176;135;29.2;84.7;62;469;
2021/11/03;21:11:21;1635973881;105.2;177;138;266.0;105.2;187;164;29.3;84.7;62;471;
2021/11/03;21:16:21;1635974181;107.9;178;141;202.0;107.0;187;164;29.2;84.6;62;474;
2021/11/03;21:21:21;1635974481;102.5;175;135;199.0;101.6;187;164;29.2;84.6;62;477;
2021/11/03;21:26:21;1635974781;108.8;179;142;238.0;108.8;187;164;29.2;84.6;63;479;
2021/11/03;21:31:21;1635975081;108.8;179;142;219.0;108.8;187;164;29.2;84.6;63;476;
2021/11/03;21:36:21;1635975381;108.8;179;142;247.0;107.9;187;164;29.2;84.6;63;474;
2021/11/03;21:41:21;1635975681;100.7;174;132;177.0;99.8;187;164;29.2;84.5;63;471;
2021/11/03;21:46:21;1635975981;106.1;177;139;219.0;106.1;187;164;29.2;84.6;63;471;
2021/11/03;21:51:21;1635976281;103.4;176;136;216.0;103.4;187;164;29.2;84.6;63;469;
2021/11/03;21:56:21;1635976581;107.9;178;141;237.0;107.9;187;164;29.2;84.6;63;472;
2021/11/03;22:01:21;1635976881;103.4;176;136;252.0;103.4;187;164;29.2;84.6;63;475;
2021/11/03;22:06:21;1635977181;107.9;178;141;234.0;107.0;186;161;29.2;84.5;63;482;
2021/11/03;22:11:21;1635977481;108.8;179;142;250.0;108.8;186;161;29.2;84.6;63;481;
2021/11/03;22:16:21;1635977781;106.1;177;139;211.0;106.1;186;161;29.2;84.5;63;481;
2021/11/03;22:21:21;1635978081;107.0;178;140;229.0;107.0;186;161;29.2;84.6;63;479;
2021/11/03;22:26:21;1635978381;107.9;178;141;249.0;107.9;186;161;29.2;84.5;63;478;
2021/11/03;22:31:21;1635978681;110.6;179;145;202.0;110.6;186;161;29.2;84.5;63;485;
2021/11/03;22:36:21;1635978981;107.9;178;141;225.0;107.0;186;161;29.2;84.5;63;483;
2021/11/03;22:41:21;1635979281;108.8;179;142;243.0;108.8;186;161;29.2;84.6;63;488;
2021/11/03;22:46:21;1635979581;122.2;185;161;297.0;122.2;186;161;29.2;84.5;63;487;
2021/11/03;22:51:21;1635979881;127.6;188;169;271.0;127.6;186;161;28.7;83.6;65;511;
2021/11/03;22:56:21;1635980181;130.3;190;172;284.0;130.3;186;161;28.3;82.9;67;518;
2021/11/03;23:01:21;1635980481;130.3;190;172;306.0;128.5;186;161;28.0;82.4;66;493;
2021/11/03;23:06:21;1635980781;131.2;190;174;308.0;127.6;197;191;27.9;82.2;67;489;
2021/11/03;23:11:21;1635981081;124.9;187;165;291.0;121.3;197;191;27.8;82.1;67;491;
2021/11/03;23:16:21;1635981381;130.3;190;172;244.0;124.9;197;191;27.7;81.9;67;481;
2021/11/03;23:21:21;1635981681;124.9;187;165;251.0;118.7;197;191;27.7;81.8;67;472;
2021/11/03;23:26:21;1635981981;122.2;185;161;248.0;116.0;197;191;27.6;81.7;67;473;
2021/11/03;23:31:21;1635982281;119.6;184;157;234.0;114.2;197;191;27.7;81.8;67;509;
2021/11/03;23:36:21;1635982581;121.3;185;160;261.0;116.0;197;191;27.6;81.7;67;505;
2021/11/03;23:41:21;1635982881;120.4;185;159;242.0;115.1;197;191;27.6;81.7;67;490;
2021/11/03;23:46:21;1635983181;117.8;183;155;267.0;111.5;197;191;27.6;81.7;68;494;
2021/11/03;23:51:21;1635983481;112.4;180;147;214.0;107.0;197;191;27.6;81.7;68;494;
2021/11/03;23:56:21;1635983781;107.9;178;141;198.0;101.6;197;191;27.5;81.6;68;506;
2021/11/04;00:01:21;1635984081;121.3;185;160;274.0;115.1;197;191;27.5;81.5;68;536;
2021/11/04;00:06:21;1635984381;110.6;179;145;226.0;104.3;201;201;27.6;81.7;71;600;
2021/11/04;00:11:21;1635984681;103.4;176;136;231.0;97.1;201;201;27.6;81.6;71;567;
2021/11/04;00:16:21;1635984981;118.7;184;156;206.0;113.3;201;201;27.5;81.6;69;566;
2021/11/04;00:21:21;1635985281;116.9;183;154;273.0;110.6;201;201;27.5;81.5;68;541;
2021/11/04;00:26:21;1635985581;120.4;185;159;245.0;114.2;201;201;27.4;81.3;68;537;
